pathway	freq	padj	NES	stability	overlap	Lead_genes
KEGG_PHOSPHATIDYLINOSITOL_SIGNALING_SYSTEM	1	0.24862611260836417	1.3716649097756557	1.0	58.3	['ITPR3', 'SYNJ2', 'PLCB1', 'INPP4B', 'IPPK', 'INPPL1', 'PIP4K2A', 'PLCB4', 'PIK3C2A', 'PIK3C2G', 'PIK3C3', 'DGKZ', 'IMPA1', 'PIK3CA', 'PIP5K1C', 'PLCE1', 'ITPR2', 'PLCD1', 'PLCB3', 'INPP4A', 'INPP1', 'CALM2', 'PIP5K1B', 'CALML3', 'DGKE', 'SYNJ1', 'PIK3CD', 'PI4KA', 'CALM3', 'PI4KB', 'PIKFYVE', 'DGKD', 'DGKH', 'CALML5', 'PIP4K2C', 'ITPR1', 'PIP5K1A', 'INPP5B', 'PLCG1', 'CDS2', 'OCRL', 'PIK3R1', 'INPP5D', 'INPP5E', 'PIK3CB', 'PIP4K2B', 'DGKQ', 'CDS1', 'PIK3CG', 'INPP5J', 'PIK3R2', 'DGKA']
KEGG_THYROID_CANCER	1	0.23382348738174857	1.3938450132107956	1.0	33.12	['LEF1', 'TP53', 'MAPK1', 'HRAS', 'RXRB', 'TFG', 'NRAS', 'TCF7', 'CTNNB1', 'BRAF', 'TPR', 'MAP2K2', 'CDH1', 'CCDC6', 'KRAS']
KEGG_PROSTATE_CANCER	1	0.22975736570779387	1.4279018857390529	1.0	37.98	['EP300', 'CHUK', 'HSP90AB1', 'NFKB1', 'RB1', 'CDK2', 'HSP90AA1', 'ERBB2', 'FGFR2', 'HSP90B1', 'SOS2', 'KRAS', 'CREB1', 'CREB3L2', 'PDGFA', 'PDPK1', 'TP53', 'LEF1', 'CREB3', 'HRAS', 'PIK3CD', 'AKT1', 'NRAS', 'BRAF', 'MAP2K2', 'GSK3B', 'TGFA', 'MTOR', 'MAPK1', 'CREBBP', 'RELA', 'PIK3R1', 'TCF7', 'NKX3-1', 'CTNNB1', 'IGF1R', 'CASP9', 'CREB3L4', 'PIK3CB', 'EGF', 'IKBKB', 'E2F3', 'PIK3R2']
KEGG_COLORECTAL_CANCER	1	0.22774731302106713	1.4141089923415056	1.0	66.37	['MSH6', 'MLH1', 'TGFBR1', 'SMAD4', 'RAF1', 'TGFB3', 'MAPK9', 'KRAS', 'MSH2', 'APPL1', 'PIK3CA', 'APC', 'AKT3', 'TCF7L1', 'SMAD2', 'RAC1', 'BAX', 'LEF1', 'TP53', 'PIK3CD', 'CASP3', 'MSH3', 'BCL2', 'AKT1', 'MAPK8', 'ARAF', 'BAD', 'TGFB2', 'BRAF', 'MYC', 'TCF7L2', 'GSK3B', 'AXIN1', 'PIK3R3', 'MAPK1', 'MAPK10', 'RAC2', 'PIK3R1', 'TCF7', 'MAP2K1', 'CTNNB1', 'CASP9', 'PIK3CB', 'TGFB1', 'RALGDS', 'SMAD3', 'RAC3', 'PIK3CG', 'PIK3R2']
KEGG_P53_SIGNALING_PATHWAY	1	0.2256730686787276	1.4095528659834113	1.0	49.31	['CCNG1', 'ADGRB1', 'APAF1', 'CDK2', 'PERP', 'FAS', 'BBC3', 'CHEK1', 'ATM', 'CASP8', 'SHISA5', 'CCND3', 'MDM2', 'BID', 'CCNB1', 'CD82', 'SIAH1', 'BAX', 'ZMAT3', 'TP53', 'CASP3', 'SFN', 'TNFRSF10B', 'CHEK2', 'ATR', 'MDM4', 'TSC2', 'CCNG2', 'TP53AIP1', 'RCHY1', 'CDK4', 'PIDD1', 'TP73', 'EI24', 'DDB2', 'CDK6', 'CCNE2', 'SERPINB5', 'TP53I3', 'CASP9', 'STEAP3', 'SESN3', 'PPM1D']
KEGG_PURINE_METABOLISM	1	0.22297007630969734	1.4277156709040273	1.0	33.29	['NME7', 'POLR2H', 'NME6', 'POLR3A', 'NME2', 'NME3', 'POLD3', 'CANT1', 'PAICS', 'AK5', 'PRIM2', 'AK7', 'NT5C2', 'PDE5A', 'POLE2', 'POLE3', 'POLR3B', 'FHIT', 'POLA2', 'ENTPD6', 'PDE1C', 'NME1-NME2', 'IMPDH2', 'POLR1C', 'POLD1', 'PRUNE1', 'POLR3F', 'POLR3D', 'POLR2B', 'GART', 'AMPD2', 'HPRT1', 'POLA1', 'POLE', 'POLR2A', 'PAPSS1', 'XDH', 'ENTPD4', 'APRT', 'GMPS', 'PDE7A', 'PDE4B', 'ITPA', 'NT5C', 'POLR3C', 'PNPT1', 'POLR1A', 'POLR1E', 'PRIM1', 'ADPRM', 'PRPS2', 'NME5', 'NME1', 'PFAS', 'PDE6B', 'ENTPD2', 'PPAT', 'POLR1B', 'GMPR2', 'POLR2F', 'DGUOK']
KEGG_PROXIMAL_TUBULE_BICARBONATE_RECLAMATION	1	0.21831012567787247	-1.3720769675968303	1.0	60.8	['ATP1A2', 'SLC9A3', 'ATP1A3', 'CA4', 'CA2', 'PCK1', 'ATP1A4', 'GLUD2', 'SLC38A3', 'GLUD1', 'SLC4A4', 'ATP1B3', 'PCK2', 'MDH1', 'GLS', 'SLC25A10', 'AQP1', 'ATP1B2']
KEGG_OTHER_GLYCAN_DEGRADATION	1	0.2033500186991168	-1.3923821757216763	1.0	63.35	['MAN2B1', 'ENGASE', 'FUCA2', 'FUCA1', 'NEU3', 'HEXA', 'AGA', 'GBA', 'MAN2B2', 'MANBA', 'GLB1', 'HEXB', 'NEU4', 'MAN2C1']
KEGG_BASAL_CELL_CARCINOMA	1	0.20048478369699602	1.4667031228641754	1.0	64.1	['FZD9', 'WNT11', 'PTCH2', 'WNT4', 'WNT2B', 'SUFU', 'WNT5A', 'PTCH1', 'FZD4', 'WNT6', 'APC', 'TCF7L1', 'STK36', 'FZD10', 'GLI3', 'LEF1', 'TP53', 'SMO', 'DVL3', 'WNT7B', 'DVL2', 'DVL1', 'FZD2', 'TCF7L2', 'AXIN1', 'WNT10A', 'FZD3', 'FZD6', 'WNT5B', 'TCF7', 'CTNNB1', 'FZD8', 'WNT3', 'FZD7', 'GLI2', 'FZD1', 'GSK3B']
KEGG_ERBB_SIGNALING_PATHWAY	1	0.197622109805939	1.4787205764313769	1.0	63.38	['SOS1', 'CBLB', 'PAK6', 'CRK', 'ERBB2', 'SOS2', 'NRG1', 'RAF1', 'PTK2', 'CBLC', 'MAP2K4', 'PAK3', 'KRAS', 'CBL', 'MAPK9', 'SRC', 'SHC4', 'SHC2', 'PIK3CA', 'ELK1', 'NCK2', 'PAK4', 'PAK2', 'RPS6KB1', 'PIK3CD', 'RPS6KB2', 'HRAS', 'NRG4', 'ABL2', 'NRG2', 'AKT1', 'NRAS', 'MAPK8', 'PAK5', 'MAP2K7', 'BAD', 'PAK1', 'ARAF', 'BRAF', 'MYC', 'MAP2K2', 'ERBB3', 'NCK1', 'GSK3B', 'TGFA', 'MTOR', 'EGFR', 'MAPK1', 'PIK3R3', 'ERBB4', 'PLCG1', 'CRKL', 'MAPK10', 'PIK3R1', 'ABL1', 'BTC', 'MAP2K1', 'PIK3CB', 'GRB2', 'GAB1', 'EGF', 'AREG', 'PIK3CG', 'SHC1', 'PIK3R2']
KEGG_PATHOGENIC_ESCHERICHIA_COLI_INFECTION	1	0.18929783963032798	-1.415026915835345	1.0	53.16	['LY96', 'ROCK2', 'HCLS1', 'TUBA1B', 'ARPC5', 'TUBB3', 'TUBB1', 'TLR4', 'TUBA3C', 'TUBA1C', 'TUBA8', 'TUBB2B', 'FYN', 'TUBA4A', 'TUBA3D', 'TUBB6', 'ARPC1A', 'ACTB', 'WAS', 'TUBA1A', 'TUBB', 'TUBB8', 'PRKCA', 'ARHGEF2', 'TUBA3E', 'TUBAL3', 'TUBB4A', 'NCK1', 'CD14', 'CDC42', 'TUBB2A', 'ARPC3', 'ARPC2', 'ARPC1B', 'ITGB1', 'ABL1', 'RHOA', 'YWHAZ']
KEGG_BIOSYNTHESIS_OF_UNSATURATED_FATTY_ACIDS	1	0.1712739901732917	-1.4430820314954844	1.0	63.54	['SCD', 'ACOT1', 'FADS2', 'ELOVL2', 'ELOVL6', 'HACD1', 'HADHA', 'ACOT2', 'PECR', 'ELOVL5', 'HSD17B12', 'HACD2', 'YOD1', 'ACOX1', 'FADS1', 'ACOT4', 'ACOT7', 'TECR', 'ACAA1']
KEGG_MAPK_SIGNALING_PATHWAY	1	0.16960066854479774	-1.4532673909650893	1.0	49.8	['CACNA1H', 'ATF4', 'RASGRP3', 'ARRB1', 'JUND', 'HSPA1L', 'PLA2G5', 'RPS6KA3', 'IL1R1', 'AKT2', 'FGFR1', 'FOS', 'DUSP14', 'MAP3K6', 'DUSP1', 'MYC', 'DUSP6', 'CACNG6', 'JUN', 'MAP3K8', 'MAP2K3', 'DDIT3', 'PLA2G4A', 'PLA2G3', 'PDGFB', 'RASGRP2', 'TNFRSF1A', 'SOS1', 'PRKCB', 'MAP2K5', 'MAP3K20', 'MAP3K5', 'RRAS', 'PLA2G2D', 'MKNK2', 'IKBKG', 'MEF2C', 'MAP3K12', 'FGF14', 'MKNK1', 'DUSP2', 'FLNC', 'NFATC2', 'HSPA1A', 'IL1R2', 'TAOK2', 'RASGRP4', 'CACNA2D1', 'HSPA8', 'FASLG', 'FGF11', 'CACNB1', 'FGF16', 'DUSP3', 'RASGRF2', 'FGF18', 'CHP1', 'FGFR4', 'GADD45B', 'GNA12', 'CD14', 'CDC42', 'DUSP7', 'PRKACA', 'MAPK10', 'MAP2K1', 'MAPK3', 'RAC3', 'PRKACB', 'PDGFRB', 'HSPA6', 'RRAS2', 'PLA2G10', 'HSPA1B', 'NR4A1', 'MAP2K6', 'PPM1B', 'MAPK9', 'RPS6KA2', 'CDC25B', 'FGF7', 'AKT3', 'FGF13', 'DUSP9', 'NTF3', 'PPP3CC', 'GNG12', 'GADD45A', 'TNF', 'NTRK2', 'MECOM', 'CACNA2D3', 'PPP3R1', 'DUSP10', 'GADD45G', 'RAP1B', 'MAPK7', 'NFATC4', 'ARRB2', 'MAPK14', 'CACNG1', 'HSPA2', 'CACNA2D4', 'CRK', 'PDGFRA', 'MAPK11', 'HSPB1', 'TGFBR2', 'MAP4K1', 'MAPT', 'FGFR3', 'RASGRF1', 'RAP1A', 'FGF12', 'MAP3K3', 'MAP4K4', 'PTPN7', 'PLA2G2A', 'PLA2G6', 'PRKCA', 'FGF2', 'STMN1', 'MAPKAPK3', 'MAPK12', 'EGFR', 'FGF10', 'MRAS', 'IL1B', 'CACNA1I', 'PPP3CB', 'TGFB1', 'NGF']
KEGG_ECM_RECEPTOR_INTERACTION	1	0.16778047539665597	-1.4515459608108419	1.0	6.57	['COL6A2', 'COL5A1', 'COL6A3', 'COL1A1', 'COL5A2', 'COL6A1', 'ITGA8', 'COL1A2', 'COL3A1', 'LAMB1', 'COL6A6', 'ITGA11', 'COMP', 'LAMA2', 'THBS2', 'FN1']
KEGG_RIG_I_LIKE_RECEPTOR_SIGNALING_PATHWAY	1	0.16488113012858227	1.5267880882151539	1.0	36.97	['CHUK', 'NFKB1', 'MAPK13', 'MAP3K1', 'TKFC', 'IRF7', 'CASP8', 'TANK', 'DHX58', 'DDX3X', 'MAP3K7', 'ATG5', 'NFKBIB', 'IKBKE', 'IFIH1', 'TRAF6', 'IRF3', 'TBK1', 'SIKE1', 'MAPK8', 'CYLD', 'DDX58', 'TRADD', 'FADD', 'TRAF2', 'OTUD5', 'RELA', 'IKBKB']
KEGG_NON_SMALL_CELL_LUNG_CANCER	1	0.15517823458801336	1.5481066383418496	1.0	69.95	['SOS1', 'E2F1', 'RB1', 'PLCG2', 'RASSF1', 'ERBB2', 'SOS2', 'RAF1', 'RASSF5', 'RXRA', 'FHIT', 'FOXO3', 'E2F2', 'KRAS', 'RXRB', 'PIK3CA', 'AKT3', 'STK4', 'PDPK1', 'TP53', 'PIK3CD', 'HRAS', 'AKT1', 'NRAS', 'ARAF', 'BAD', 'BRAF', 'MAP2K2', 'PIK3R3', 'TGFA', 'CDK4', 'EGFR', 'MAPK1', 'CDK6', 'PLCG1', 'CCND1', 'PIK3R1', 'MAP2K1', 'CASP9', 'RARB', 'PIK3CB', 'GRB2', 'EGF', 'PIK3CG', 'E2F3', 'PIK3R2']
KEGG_LEUKOCYTE_TRANSENDOTHELIAL_MIGRATION	1	0.12712404967949975	-1.526677234250955	1.0	32.62	['MMP9', 'MYL7', 'ACTN2', 'PRKCB', 'VCL', 'CXCL12', 'PLCG2', 'THY1', 'ITGB2', 'PIK3R5', 'CLDN10', 'MYL12A', 'MAPK11', 'ESAM', 'MMP2', 'MYL9', 'CLDN22', 'GNAI2', 'RAPGEF3', 'ICAM1', 'NCF1', 'CLDN15', 'VCAM1', 'ITGAM', 'RAP1A', 'CLDN5', 'PTPN11', 'JAM2', 'CLDN14', 'PRKCA', 'CYBB', 'NCF4', 'PECAM1', 'NOX1', 'VAV1', 'MAPK12', 'MYL5', 'MSN', 'RAP1B', 'NCF2', 'CLDN23', 'ITGB1', 'CD99', 'CLDN9', 'RHOA', 'ITK']
KEGG_DILATED_CARDIOMYOPATHY	1	0.12264063493890023	-1.5394027856565802	1.0	28.81	['ADCY1', 'SLC8A1', 'CACNG1', 'ITGB3', 'CACNA2D4', 'ATP2A2', 'GNAS', 'TNNC1', 'TPM3', 'ADCY7', 'ITGB5', 'SGCD', 'IGF1', 'LAMA2', 'SGCA', 'TNNI3', 'TPM2', 'CACNB1', 'ADCY2', 'TNF', 'ADCY4', 'ITGA1', 'ITGA11', 'CACNG6', 'ITGA5', 'ITGA8', 'CACNA2D3', 'ADCY5', 'PRKACA', 'DMD', 'ITGB1', 'DES']
KEGG_SMALL_CELL_LUNG_CANCER	1	0.11767587273460549	1.6140525424274421	1.0	37.07	['CHUK', 'APAF1', 'TRAF4', 'NFKB1', 'TRAF5', 'RB1', 'CDK2', 'PTK2', 'FHIT', 'LAMA5', 'RXRB', 'BIRC2', 'PIAS2', 'LAMA1', 'PIK3CD', 'ITGA2', 'TP53', 'TRAF6', 'PIAS1', 'AKT1', 'BCL2L1', 'COL4A6', 'MAX', 'ITGA3', 'CDK4', 'TRAF2', 'CDK6', 'RELA', 'XIAP', 'PIAS3', 'PIK3R1', 'CASP9', 'RARB', 'ITGA6', 'LAMC2', 'PIK3CB', 'PIAS4', 'LAMA3', 'LAMB3', 'IKBKB', 'E2F3', 'PIK3R2']
KEGG_HYPERTROPHIC_CARDIOMYOPATHY_HCM	1	0.10858094057914612	-1.5702503340741611	1.0	28.81	['SLC8A1', 'CACNG1', 'ITGB3', 'ACE', 'CACNA2D4', 'ATP2A2', 'PRKAB2', 'TNNC1', 'TPM3', 'ITGB5', 'SGCD', 'IGF1', 'LAMA2', 'SGCA', 'TNNI3', 'TPM2', 'CACNB1', 'TNF', 'ITGA1', 'ITGA11', 'CACNG6', 'ITGA5', 'ITGA8', 'CACNA2D3', 'PRKAG1', 'DMD', 'IL6', 'ITGB1', 'DES', 'PRKAG2']
KEGG_ENDOMETRIAL_CANCER	1	0.1076646066785825	1.6413258308394127	1.0	69.95	['SOS1', 'ILK', 'MLH1', 'ERBB2', 'SOS2', 'RAF1', 'FOXO3', 'KRAS', 'PIK3CA', 'APC', 'AKT3', 'ELK1', 'TCF7L1', 'CTNNA1', 'CDH1', 'PDPK1', 'TP53', 'LEF1', 'PIK3CD', 'HRAS', 'AKT1', 'NRAS', 'ARAF', 'BAD', 'BRAF', 'MYC', 'MAP2K2', 'TCF7L2', 'GSK3B', 'AXIN1', 'EGFR', 'PIK3R3', 'MAPK1', 'CCND1', 'PIK3R1', 'TCF7', 'MAP2K1', 'CTNNB1', 'CASP9', 'PIK3CB', 'GRB2', 'EGF', 'PIK3CG', 'PIK3R2']
KEGG_SULFUR_METABOLISM	1	0.10729966773107794	-1.57705196371182	1.0	37.9	['CHST12', 'PAPSS2', 'CHST11', 'SULT1A4', 'SUOX', 'CHST13', 'SULT1A3', 'SULT1A1', 'SULT1A2']
KEGG_WNT_SIGNALING_PATHWAY	1	0.08784060704792936	1.6906365653272817	1.0	65.61	['PORCN', 'SFRP1', 'PLCB1', 'SENP2', 'RUVBL1', 'WNT2B', 'PPARD', 'WNT6', 'RAC1', 'FRAT2', 'DVL3', 'PRKX', 'MYC', 'ROCK1', 'AXIN1', 'CREBBP', 'FZD3', 'CTNNB1', 'FZD8', 'FZD7', 'PPP2R1A', 'PSEN1', 'PPP2CA', 'PPP2R5D', 'SMAD4', 'CUL1', 'DAAM1', 'FZD1', 'BTRC', 'CTNNBIP1', 'PLCB4', 'TBL1XR1', 'APC', 'SIAH1', 'PLCB3', 'PPP2R5C', 'LEF1', 'TP53', 'CSNK2A2', 'WNT7B', 'MAPK8', 'DVL1', 'FZD2', 'MAPK10', 'RAC2', 'CTBP2', 'RAC3', 'PRKACB', 'NLK', 'PLCB2', 'FZD9', 'WNT11', 'WNT5A', 'MAPK9', 'NKD2', 'CHD8', 'FRAT1', 'PPP3CA', 'LRP6', 'PPP2R5E', 'CTBP1', 'WNT10A', 'PPP3R1', 'CAMK2D', 'FZD6', 'CSNK1A1', 'CXXC4', 'NFATC4', 'TCF7', 'MMP7', 'SMAD3', 'VANGL2', 'FBXW11', 'GSK3B', 'CSNK1E', 'EP300', 'ROCK2', 'PPP2CB', 'WNT4', 'SKP1', 'DAAM2', 'CSNK2B', 'FZD4', 'TCF7L1', 'CCND3', 'MAP3K7', 'FZD10', 'NFAT5', 'CSNK1A1L', 'SMAD2', 'NFATC3', 'TBL1X', 'WIF1', 'PPP2R5A', 'DVL2', 'CSNK2A1', 'TCF7L2', 'LRP5', 'PRICKLE1', 'WNT5B', 'PPP2R1B', 'PPP3CB', 'WNT3', 'VANGL1']
KEGG_GLYCOLYSIS_GLUCONEOGENESIS	1	0.08660060209463952	-1.6278501384219823	1.0	71.92	['LDHA', 'PGAM1', 'BPGM', 'HK2', 'HK3', 'ADH1B', 'ADH1A', 'PGK1', 'GALM', 'ALDH3A1', 'PGAM4', 'PCK2', 'PDHB', 'ADH1C', 'PDHA1', 'DLD', 'ALDH1A3', 'DLAT', 'HK1', 'PFKP', 'ALDOA', 'AKR1A1', 'LDHB', 'ENO1', 'ALDH2', 'PFKM', 'ALDH3B1', 'ALDOC', 'FBP1', 'ALDH9A1', 'ALDH3A2', 'GAPDH', 'ACSS2', 'ENO2', 'GPI', 'PCK1', 'PFKL', 'PGAM2', 'LDHC', 'ADH5', 'PKM', 'ALDH1B1', 'TPI1', 'ENO3', 'ACSS1']
KEGG_RNA_POLYMERASE	1	0.08610206064763211	1.7027536689401714	1.0	73.51	['POLR2E', 'POLR2H', 'POLR3A', 'POLR2J', 'POLR2D', 'POLR3B', 'POLR1C', 'POLR2J3', 'POLR2L', 'POLR1D', 'POLR3F', 'POLR3D', 'POLR2B', 'POLR3H', 'POLR2J2', 'POLR2A', 'POLR2G', 'POLR3C', 'POLR1A', 'POLR3K', 'POLR1E', 'POLR2I', 'POLR3GL', 'POLR2C', 'POLR3G', 'POLR1B', 'POLR2F', 'POLR2K']
KEGG_PRIMARY_IMMUNODEFICIENCY	1	0.08555752136014498	-1.6344242520166798	1.0	56.82	['CD4', 'CD8B', 'JAK3', 'CD19', 'IKBKG', 'ZAP70', 'CD40', 'TNFRSF13C', 'CD3D', 'ICOS', 'IL7R', 'BTK', 'IL2RG', 'RFXAP', 'CIITA', 'CD79A', 'LCK', 'TAP2', 'ADA', 'CD40LG', 'PTPRC', 'CD3E', 'TAP1', 'UNG']
KEGG_GAP_JUNCTION	1	0.0665215943976624	-1.689686495889251	1.0	54.38	['PDGFRB', 'ADCY1', 'SOS1', 'PLCB2', 'PRKCB', 'MAP2K5', 'TUBA1B', 'GNAS', 'HTR2B', 'RAF1', 'PRKG2', 'PDGFRA', 'TUBB3', 'TUBB1', 'TUBA3C', 'GJA1', 'ADCY7', 'TUBA1C', 'GNAI2', 'TUBA8', 'TUBB2B', 'TUBA4A', 'TUBA3D', 'TUBB6', 'PDGFC', 'TUBA1A', 'ADCY9', 'ADRB1', 'CDK1', 'TJP1', 'TUBB', 'ADCY2', 'TUBB8', 'ADCY3', 'PDGFD', 'PRKCA', 'ADCY4', 'TUBA3E', 'TUBAL3', 'TUBB4A', 'GNAI1', 'EGFR', 'GUCY1A2', 'ADCY5', 'PRKACA', 'TUBB2A', 'MAPK7', 'PRKG1', 'MAP2K1', 'LPAR1', 'GRB2', 'PDGFB', 'MAPK3', 'PRKACB', 'ADCY6']
KEGG_SNARE_INTERACTIONS_IN_VESICULAR_TRANSPORT	1	0.06612839190453645	1.7635780811321347	1.0	72.9	['GOSR1', 'GOSR2', 'SEC22B', 'STX16', 'VAMP7', 'STX3', 'VAMP8', 'STX12', 'SNAP25', 'STX1B', 'STX17', 'VAMP1', 'VAMP4', 'TSNARE1', 'STX1A', 'STX6', 'STX10', 'BNIP1', 'BET1L', 'VAMP5', 'STX5', 'BET1', 'VTI1B', 'SNAP47', 'STX11', 'STX2', 'STX7', 'SNAP29', 'VAMP2', 'USE1', 'STX19', 'STX4', 'SNAP23', 'VTI1A', 'STX18', 'YKT6', 'VAMP3']
KEGG_PANCREATIC_CANCER	1	0.06605826116779559	1.772567883504212	1.0	66.37	['CHUK', 'NFKB1', 'RB1', 'E2F1', 'RAD51', 'TGFBR1', 'SMAD4', 'JAK1', 'ERBB2', 'RAF1', 'IKBKG', 'TGFB3', 'E2F2', 'RALA', 'MAPK9', 'KRAS', 'STAT1', 'PIK3CA', 'AKT3', 'SMAD2', 'VEGFB', 'RAC1', 'PGF', 'PIK3CD', 'TP53', 'BRCA2', 'RALBP1', 'AKT1', 'MAPK8', 'BCL2L1', 'BAD', 'TGFB2', 'ARAF', 'BRAF', 'PIK3CG', 'PIK3R3', 'TGFA', 'CDK4', 'PLD1', 'MAPK1', 'STAT3', 'CDC42', 'EGFR', 'CDK6', 'RELA', 'MAPK10', 'RAC2', 'PIK3R1', 'MAP2K1', 'CASP9', 'PIK3CB', 'TGFB1', 'RALGDS', 'EGF', 'SMAD3', 'RAC3', 'IKBKB', 'E2F3', 'PIK3R2']
KEGG_PRION_DISEASES	1	0.0645757817669227	-1.6993153022289957	1.0	29.31	['C8G', 'NCAM1', 'C7', 'PRKACA', 'EGR1', 'IL6', 'IL1B', 'HSPA1A', 'C1QC', 'C1QA', 'SOD1', 'C9', 'FYN', 'LAMC1', 'C1QB', 'MAPK3', 'NOTCH1']
KEGG_ARACHIDONIC_ACID_METABOLISM	1	0.0635234483172671	-1.7101000990028752	1.0	47.3	['CYP2C8', 'PLA2G10', 'CYP2E1', 'PLA2G2D', 'GPX2', 'PLA2G5', 'CBR1', 'ALOX12', 'TBXAS1', 'HPGDS', 'GPX3', 'PLA2G2A', 'PTGIS', 'GPX1', 'CYP2U1', 'PLA2G6', 'PTGDS', 'PTGS2', 'ALOX15', 'AKR1C3', 'GPX7', 'ALOX15B', 'GGT5', 'CYP2B6', 'PLA2G4A', 'PTGS1', 'CYP4F3', 'PLA2G3', 'CBR3', 'LTC4S']
KEGG_STARCH_AND_SUCROSE_METABOLISM	1	0.062497130863825745	-1.7086000961150287	1.0	35.77	['PGM2L1', 'UGT1A3', 'GYS1', 'GUSB', 'UGT1A10', 'ENPP3', 'UGT2B28', 'HK3', 'UGT2B15', 'ENPP1', 'UGT1A8', 'AMY1A', 'UGT2B17', 'TREH', 'UGT1A9', 'UGT2B7', 'UGT1A5', 'AGL', 'AMY1C', 'MGAM', 'UGT2B11', 'UGT1A4']
KEGG_RENIN_ANGIOTENSIN_SYSTEM	1	0.060074748520851914	-1.7266500572453694	1.0	18.14	['CTSA', 'CTSG', 'CMA1', 'ACE', 'CPA3', 'ENPEP', 'ACE2', 'MME']
KEGG_OLFACTORY_TRANSDUCTION	1	0.05788569870623034	-1.738236216805997	1.0	65.53	['CAMK2B', 'GNAL', 'PRKG2', 'GRK3', 'CAMK2G', 'CALM1', 'GUCY2D', 'CLCA4', 'OR2A7', 'CALM2', 'OR2A4', 'CALML3', 'CALM3', 'ADCY3', 'OR51E1', 'GUCA1B', 'CALML5', 'CLCA2', 'CALML6', 'OR2B6', 'PRKACA', 'CAMK2D', 'PRKG1', 'ARRB2', 'PRKACB', 'OR2W3', 'OR7A5']
KEGG_GLYCOSYLPHOSPHATIDYLINOSITOL_GPI_ANCHOR_BIOSYNTHESIS	1	0.05081239818228586	1.828507759136978	1.0	29.47	['PIGC', 'PIGU', 'PIGA', 'PIGL', 'PIGW', 'PIGK', 'GPAA1', 'PIGN', 'PIGQ', 'DPM2', 'PIGH', 'PGAP1', 'PIGO', 'PIGM', 'PIGG']
KEGG_MATURITY_ONSET_DIABETES_OF_THE_YOUNG	1	0.0505357848912474	-1.7669586354206337	1.0	34.07	['HHEX', 'MNX1', 'BHLHA15', 'NKX6-1', 'FOXA3', 'HNF1A', 'NR5A2', 'NKX2-2']
KEGG_JAK_STAT_SIGNALING_PATHWAY	1	0.050239762233537585	-1.7842371905223622	1.0	43.07	['SOS1', 'IL2RB', 'JAK1', 'IRF9', 'CSF3R', 'PIK3R5', 'IL15', 'IL10RA', 'STAT1', 'LEP', 'OSM', 'IFNGR2', 'PIK3CA', 'LIF', 'AKT3', 'PIM1', 'IL20', 'IL10RB', 'IFNGR1', 'JAK2', 'EPOR', 'CCND2', 'IL15RA', 'IFNAR2', 'IL13RA1', 'CSF2RA', 'PTPN11', 'TSLP', 'STAT4', 'AKT2', 'SPRY4', 'IL2RG', 'SOCS3', 'IL9R', 'SPRY2', 'CNTF', 'IL12RB1', 'IL21R', 'IL3RA', 'MYC', 'LIFR', 'STAT5B', 'IL13RA2', 'SOCS1', 'IL12RB2', 'CLCF1', 'CSF2RB', 'PIK3R3', 'IL20RB', 'IL11', 'CISH', 'IL6', 'CTF1', 'CCND1', 'IL2RA', 'SPRY1', 'LEPR', 'SOCS2', 'IL10', 'TPO', 'STAT5A', 'EPO', 'PIK3CG', 'IFNG', 'IL6R']
KEGG_PROPANOATE_METABOLISM	1	0.050171168838641006	-1.773150935428114	1.0	36.05	['LDHA', 'SUCLG1', 'ACADM', 'SUCLG2', 'ALDH6A1', 'PCCA', 'PCCB', 'HADHA', 'EHHADH', 'ACSS3', 'LDHB', 'ALDH9A1', 'ALDH3A2', 'ACACA', 'LDHC', 'ALDH1B1', 'MCEE', 'HIBCH', 'SUCLG2P2']
KEGG_PYRUVATE_METABOLISM	1	0.049731406306899865	-1.781157732962839	1.0	60.73	['LDHA', 'ME1', 'PC', 'MDH2', 'ACACB', 'GLO1', 'PCK2', 'PDHB', 'PDHA1', 'DLD', 'DLAT', 'ACAT2', 'LDHB', 'ME3', 'ALDH2', 'GRHPR', 'ACYP2', 'HAGH', 'ALDH9A1', 'ALDH3A2', 'ACSS2', 'ACACA', 'PCK1', 'LDHC', 'ME2', 'AKR1B1', 'ALDH1B1', 'PKM', 'MDH1', 'LDHD']
KEGG_GLUTATHIONE_METABOLISM	1	0.044864602903784745	-1.8096095062180604	1.0	56.13	['GSTA3', 'RRM1', 'LAP3', 'GSTP1', 'GSTM2', 'ODC1', 'GSTM5', 'GSTM4', 'GSTA4', 'GSTA1', 'OPLAH', 'GPX2', 'IDH2', 'GPX4', 'GCLM', 'GPX3', 'GSR', 'GPX1', 'GGCT', 'GGT1', 'PGD', 'GSTO1', 'MGST2', 'GSTM1', 'G6PD', 'GPX7', 'GCLC', 'GSTM3', 'GGT5', 'RRM2B', 'IDH1', 'GSTA2', 'GSTT2', 'RRM2', 'MGST1', 'TXNDC12']
KEGG_LYSINE_DEGRADATION	1	0.04250085741232959	1.863859762082644	1.0	22.26	['SUV39H2', 'EHMT2', 'SETDB1', 'ASH1L', 'ACAT1', 'SETD2', 'SETD1B', 'AASDH', 'BBOX1', 'KMT5B', 'AASDHPPT', 'SETD1A', 'NSD3', 'KMT5C', 'KMT5A', 'EHMT1', 'DOT1L', 'NSD1', 'ALDH7A1', 'SETDB2']
KEGG_ANTIGEN_PROCESSING_AND_PRESENTATION	1	0.04249082732512438	-1.8298666779935535	1.0	36.41	['CD4', 'HSPA6', 'HLA-DRB1', 'CTSL', 'HSPA2', 'HSPA1B', 'HLA-DQA1', 'HLA-DQB1', 'KLRC3', 'HSPA1A', 'LTA', 'B2M', 'LGMN', 'HSPA1L', 'HLA-DPA1', 'HLA-DMB', 'KLRC2', 'KLRC4', 'HLA-DRA', 'HSPA8', 'HLA-B', 'IFI30', 'HLA-E', 'HLA-DMA', 'CIITA', 'HLA-G', 'HLA-DRB5', 'CTSS', 'HLA-DQA2', 'CTSB', 'KLRC1', 'HLA-A', 'CD74', 'TAP1']
KEGG_PROTEASOME	1	0.04205342420952701	-1.8262353062382715	1.0	69.09	['PSMA2', 'PSMF1', 'PSMA4', 'PSMB7', 'PSMD3', 'PSMB6', 'PSMA3', 'PSMD4', 'SEM1', 'PSMD14', 'POMP', 'PSMC2', 'PSMB3', 'PSMC1', 'PSMD11', 'PSMD7', 'PSMB2', 'PSMD1', 'PSMC6', 'PSMB1', 'PSMB10', 'PSME4', 'PSMB5', 'PSMA6', 'PSMB9', 'PSME3', 'PSMD6', 'PSMD12', 'PSMB4', 'PSMA1', 'PSMC3', 'PSMA5', 'PSMC4', 'PSMD2', 'PSMD8', 'PSMC5', 'PSMA7', 'PSMB8', 'IFNG']
KEGG_NICOTINATE_AND_NICOTINAMIDE_METABOLISM	1	0.03944260193073518	-1.8548812477210594	1.0	49.04	['NNMT', 'NAMPT', 'NADK', 'QPRT', 'NNT', 'CD38', 'NMNAT1', 'NT5E', 'NMNAT3', 'ENPP3', 'PNP', 'AOX1', 'ENPP1', 'NMNAT2', 'NT5M', 'NT5C3A', 'BST1', 'NMRK1']
KEGG_FATTY_ACID_METABOLISM	1	0.039253867163504735	-1.8594372406966526	1.0	62.85	['ACADL', 'ACSL3', 'ACADM', 'CPT1A', 'ADH1B', 'ADH1A', 'ACADVL', 'HADHA', 'EHHADH', 'ECI2', 'ECI1', 'CPT2', 'ADH1C', 'CPT1C', 'ACSL1', 'GCDH', 'ACAT2', 'ALDH2', 'ACSL5', 'CPT1B', 'ALDH9A1', 'ACSL4', 'ACADSB', 'ALDH3A2', 'HADH', 'HADHB', 'ACOX1', 'ECHS1', 'ADH5', 'ALDH1B1', 'ACADS', 'ACAA1']
KEGG_DRUG_METABOLISM_OTHER_ENZYMES	1	0.03919622565518828	-1.8515131613943803	1.0	30.94	['UGT1A3', 'UGT1A10', 'UGT2B28', 'UGT2B15', 'NAT2', 'UGT1A8', 'TK2', 'NAT1', 'UGT2B17', 'UGT1A9', 'CYP2A7', 'UGT2B7', 'UGT1A5', 'CYP2A6', 'UPP1', 'CDA', 'UGT2B11', 'CES1', 'UGT1A4', 'IMPDH1']
KEGG_FOCAL_ADHESION	1	0.0369157179807046	-1.8764861480837958	1.0	4.76	['PDGFRB', 'COL6A3', 'PRKCB', 'VCL', 'VEGFC', 'PDGFRA', 'PIK3R5', 'FN1', 'MYL9', 'FLNC', 'COL5A2', 'COL6A1', 'COL1A2', 'LAMB1', 'CCND2', 'IGF1', 'LAMA2', 'HGF', 'VEGFD', 'COL6A6', 'PRKCA', 'RAPGEF1', 'ITGA11', 'THBS2', 'COL6A2', 'PARVG', 'MET', 'COL5A1', 'SHC3', 'COL1A1', 'COL3A1']
KEGG_ALZHEIMERS_DISEASE	1	0.02769023683382656	-1.9441127459120051	1.0	46.31	['SDHD', 'NDUFS3', 'NDUFAB1', 'SDHC', 'COX7A2', 'NDUFA8', 'COX4I1', 'NDUFA3', 'PSEN2', 'GRIN2D', 'IDE', 'NDUFA4', 'NDUFB7', 'NDUFB6', 'NDUFA6', 'NDUFB3', 'ATP2A1', 'UQCRHL', 'TNFRSF1A', 'UQCRH', 'SDHA', 'UQCRC2', 'COX5B', 'NDUFB10', 'NDUFS2', 'NDUFC2', 'UQCR11', 'COX8A', 'NDUFA4L2', 'COX6A2', 'NDUFB4', 'APOE', 'COX5A', 'CALM2', 'NDUFS8', 'NDUFA5', 'CHP1', 'UQCRB', 'NDUFS7', 'GAPDH', 'SDHB', 'NDUFB1', 'MAPK3', 'NDUFB2', 'PLCB2', 'NDUFV2', 'UQCRFS1', 'NDUFA2', 'SNCA', 'ATP2A2', 'NDUFA9', 'COX6A1', 'CALM1', 'CAPN2', 'UQCRC1', 'UQCRQ', 'NDUFS1', 'COX7C', 'NDUFS4', 'PPP3CC', 'COX7B', 'NDUFS6', 'TNF', 'CDK5R1', 'NDUFS5', 'MME', 'NDUFA1', 'PPP3R1', 'NDUFC1', 'NDUFV3', 'CYCS', 'NDUFA7', 'NDUFA10', 'CYC1', 'MAPT', 'COX4I2', 'COX7A2L', 'COX6C', 'CASP7', 'CALML6', 'NDUFB9', 'IL1B', 'PPP3CB', 'NDUFB8', 'LRP1']
KEGG_VALINE_LEUCINE_AND_ISOLEUCINE_DEGRADATION	1	0.027339367394493826	-1.938579739479965	1.0	62.85	['ACADS', 'BCKDHB', 'ACADM', 'MCCC2', 'ALDH6A1', 'HMGCS2', 'PCCA', 'ACAA1', 'PCCB', 'HADHA', 'BCAT2', 'HSD17B10', 'EHHADH', 'DBT', 'DLD', 'HIBADH', 'BCAT1', 'HIBCH', 'BCKDHA', 'IVD', 'HMGCL', 'ACAT2', 'IL4I1', 'ALDH2', 'MCCC1', 'ALDH9A1', 'HADH', 'HMGCS1', 'ALDH3A2', 'AUH', 'ACADSB', 'HADHB', 'ECHS1', 'OXCT1', 'ALDH1B1', 'MCEE', 'AOX1']
KEGG_PENTOSE_AND_GLUCURONATE_INTERCONVERSIONS	1	0.02100377057522848	-2.0035587149906515	1.0	29.83	['UGT2B15', 'UGT2B7', 'UGT1A5', 'UGT2B17', 'DCXR', 'UGT1A3', 'UGT1A9', 'UGT1A10', 'AKR1B1', 'UGT1A8', 'CRYL1', 'UGT2B11', 'UGT2B28', 'UGT1A4']
KEGG_CARDIAC_MUSCLE_CONTRACTION	1	0.020734803371594602	-2.0000859601402894	1.0	44.67	['SLC8A1', 'CACNG1', 'UQCRH', 'ATP1A2', 'UQCRFS1', 'SLC9A6', 'UQCRC2', 'CACNA2D4', 'ATP2A2', 'COX7A2', 'ATP1A3', 'ATP1B2', 'COX6A1', 'UQCRC1', 'CYC1', 'TNNC1', 'COX5B', 'TPM3', 'COX4I1', 'UQCR11', 'COX8A', 'COX6A2', 'COX5A', 'UQCRQ', 'COX4I2', 'COX7C', 'CACNA2D1', 'TNNI3', 'TPM2', 'CACNB1', 'COX7A2L', 'COX7B', 'COX6C', 'ATP1B3', 'UQCRB', 'CACNG6', 'MYL3', 'CACNA2D3', 'ATP1A4', 'UQCRHL']
KEGG_TRYPTOPHAN_METABOLISM	1	0.018772192358431243	-2.02736492276593	1.0	62.85	['CAT', 'AFMID', 'MAOB', 'ACMSD', 'HADHA', 'WARS2', 'EHHADH', 'HAAO', 'GCDH', 'AOC1', 'ACAT2', 'IL4I1', 'CYP1B1', 'OGDH', 'ALDH2', 'TPH1', 'AADAT', 'ALDH9A1', 'HADH', 'KYNU', 'ALDH3A2', 'IDO1', 'TDO2', 'MAOA', 'ECHS1', 'INMT', 'KMO', 'ALDH1B1', 'AOX1']
KEGG_PPAR_SIGNALING_PATHWAY	1	0.015417182091040725	-2.0654587995981495	1.0	61.15	['SLC27A1', 'ACADL', 'ILK', 'ACSL3', 'SCD', 'ME1', 'AQP7', 'ACADM', 'CPT1A', 'RXRA', 'ACOX2', 'FADS2', 'HMGCS2', 'PPARG', 'CD36', 'MMP1', 'DBI', 'EHHADH', 'UCP1', 'PCK2', 'FABP5', 'PPARA', 'CPT2', 'CPT1C', 'ACSL1', 'PLIN1', 'FABP7', 'SCP2', 'SORBS1', 'NR1H3', 'ADIPOQ', 'FABP6', 'FABP4', 'CYP27A1', 'ANGPTL4', 'SLC27A2', 'CPT1B', 'ACSL5', 'OLR1', 'FABP3', 'ACSL4', 'APOA1', 'UBC', 'LPL', 'ACOX1', 'PCK1', 'PLTP', 'ACAA1']
KEGG_ENDOCYTOSIS	1	0.013937713757657169	2.048933403638984	1.0	37.04	['CBLB', 'PARD6G', 'VPS37A', 'USP8', 'STAM2', 'CBL', 'ARAP1', 'RAB11FIP4', 'PIP5K1B', 'AP2B1', 'CHMP4C', 'RAB11FIP5', 'RAB5B', 'AGAP1', 'RAB22A', 'IGF1R', 'VPS25', 'PARD6B', 'SMURF2', 'PDCD6IP', 'GIT2', 'ACAP2', 'RAB11FIP3', 'CBLC', 'HGS', 'PRKCZ', 'MVB12A', 'AGAP2', 'ACAP3', 'HRAS', 'ARFGAP2', 'PRKCI', 'RAB4A', 'GRK2', 'CHMP1B', 'EHD3', 'SH3GLB2', 'EPN1', 'EPN3', 'STAMBP', 'PARD3', 'RABEP1', 'RUFY1', 'PIP5K1C', 'NEDD4L', 'RAB5A', 'LDLRAP1', 'STAM', 'SH3GL1', 'VPS28', 'RAB11FIP2', 'ERBB3', 'PLD1', 'ARFGAP1', 'PSD4', 'EPN2', 'VTA1', 'SNF8', 'AP2M1', 'PLD2', 'ARFGAP3', 'RBSN', 'VPS36', 'CHMP4B', 'FGFR2', 'DNM2', 'GIT1', 'VPS37C', 'SRC', 'ITCH', 'VPS37D', 'PSD3', 'ARF6', 'VPS37B', 'TRAF6', 'RAB11FIP1', 'DNAJC6', 'ARAP2', 'KIT', 'PIKFYVE', 'RAB11A', 'PIP5K1A', 'DNM1L', 'GRK6', 'RAB11B', 'ERBB4', 'CHMP6', 'VPS4B']
KEGG_SELENOAMINO_ACID_METABOLISM	1	0.01359506220752086	2.0454671897166685	1.0	43.93	['GGT7', 'SCLY', 'METTL2B', 'TRMT11', 'MARS2', 'MAT2B', 'MAT1A', 'GGT6', 'PAPSS1', 'AHCYL2', 'SEPHS2', 'GGT1', 'SEPHS1', 'METTL6', 'LCMT2', 'LCMT1', 'AHCY', 'HEMK1', 'MAT2A']
KEGG_NOTCH_SIGNALING_PATHWAY	1	0.009828088827917346	2.174347301524514	1.0	24.34	['EP300', 'SNW1', 'NCOR2', 'NUMB', 'DTX2', 'MAML3', 'ADAM17', 'KAT2A', 'HES1', 'MAML2', 'DVL3', 'APH1A', 'DVL2', 'CTBP1', 'DTX3L', 'HDAC2', 'CREBBP', 'DTX3', 'JAG2', 'MAML1', 'HDAC1', 'CTBP2', 'PSEN1']
KEGG_HOMOLOGOUS_RECOMBINATION	1	0.009726271113778617	2.1452384055603666	1.0	61.37	['MUS81', 'SSBP1', 'POLD3', 'RAD51B', 'XRCC2', 'SEM1', 'POLD1', 'RAD50', 'TOP3A', 'XRCC3', 'BRCA2', 'RPA3', 'NBN', 'RAD54L', 'EME1', 'POLD2', 'RAD51C', 'TOP3B', 'RAD52', 'RPA2', 'RPA1', 'BLM', 'MRE11', 'RAD51D', 'RAD54B', 'RAD51']
KEGG_N_GLYCAN_BIOSYNTHESIS	1	0.0096555345965875	2.192458694415802	1.0	37.81	['STT3A', 'RFT1', 'ALG10', 'RPN1', 'ALG11', 'B4GALT3', 'ALG10B', 'ALG2', 'DPM1', 'MGAT4B', 'ALG6', 'MOGS', 'DOLPP1', 'MGAT4A', 'MAN2A1', 'ALG1', 'MAN1B1', 'DDOST', 'MGAT5', 'FUT8', 'RPN2', 'STT3B', 'B4GALT1', 'GANAB', 'ALG12', 'TUSC3', 'DPM2', 'MAN1A2', 'ALG13', 'DPAGT1']
KEGG_PYRIMIDINE_METABOLISM	1	0.009284167881334134	2.17030654799727	1.0	50.35	['DHODH', 'POLR2H', 'NME6', 'POLR3A', 'NME2', 'UCK2', 'DCTD', 'RRM1', 'NME3', 'POLR2D', 'POLD3', 'CANT1', 'PRIM2', 'CAD', 'UCK1', 'NT5C2', 'CTPS2', 'POLE2', 'POLE3', 'POLR3B', 'POLA2', 'TYMS', 'ENTPD6', 'NME1-NME2', 'POLR1C', 'POLD1', 'POLR1D', 'POLR3F', 'AK3', 'ENTPD8', 'POLR3D', 'POLR2B', 'UMPS', 'TXNRD2', 'POLE', 'POLA1', 'POLR2A', 'DCK', 'DTYMK', 'ENTPD4', 'UCKL1', 'POLR2G', 'ENTPD5', 'ITPA', 'NT5C', 'POLR3C', 'PNPT1', 'POLR1A', 'POLD2', 'POLR3K', 'UPRT', 'POLR1E', 'PRIM1', 'POLR2I', 'NME5', 'NME1', 'POLR2C', 'CTPS1', 'TK1', 'POLR3G', 'POLR1B', 'POLR2F', 'DPYD', 'NME7']
KEGG_BASAL_TRANSCRIPTION_FACTORS	1	0.00926829750888741	2.162152549799204	1.0	33.2	['GTF2B', 'GTF2H1', 'GTF2F1', 'TAF5L', 'TAF6L', 'TBP', 'GTF2A1', 'TAF11', 'TAF2', 'GTF2IRD1', 'TAF6', 'GTF2I', 'GTF2F2', 'TAF1', 'TAF1L', 'TBPL1', 'GTF2H4', 'GTF2H3', 'TAF4', 'TAF4B', 'TAF7']
KEGG_ADHERENS_JUNCTION	1	0.009132870330675355	2.1448044772179427	1.0	25.55	['EP300', 'PTPRJ', 'NLK', 'CTNND1', 'SMAD4', 'PARD3', 'ERBB2', 'FER', 'SRC', 'YES1', 'NECTIN4', 'WASL', 'NECTIN1', 'MAP3K7', 'CDH1', 'ACP1', 'LEF1', 'PTPN1', 'ACTN4', 'CSNK2A1', 'IQGAP1', 'FARP2', 'NECTIN2', 'MAPK1', 'AFDN', 'ACTG1', 'CREBBP', 'BAIAP2', 'TCF7', 'CTNNB1', 'IGF1R', 'SSX2IP', 'PTPN6']
KEGG_NUCLEOTIDE_EXCISION_REPAIR	1	0.008932219033544997	2.1314592948633506	1.0	48.89	['ERCC8', 'GTF2H1', 'CDK7', 'XPC', 'RFC3', 'POLD3', 'RFC5', 'ERCC4', 'POLE2', 'POLE3', 'GTF2H2', 'CETN2', 'RFC4', 'POLD1', 'CUL4B', 'ERCC3', 'POLE', 'ERCC5', 'CUL4A', 'ERCC2', 'ERCC6', 'RFC2', 'DDB1', 'LIG1', 'RFC1', 'POLD2', 'ERCC1', 'PCNA', 'RPA2', 'DDB2', 'GTF2H4', 'GTF2H3', 'RPA1']
KEGG_NON_HOMOLOGOUS_END_JOINING	1	0.008894462069031219	2.2160624015177324	1.0	29.72	['FEN1', 'POLL', 'MRE11', 'RAD50', 'PRKDC', 'POLM', 'XRCC6', 'DCLRE1C', 'XRCC5', 'LIG4']
KEGG_MISMATCH_REPAIR	1	0.008613644645460002	2.1436480918254555	1.0	24.8	['MSH2', 'MSH6', 'MLH3', 'PMS2', 'PCNA', 'RFC4', 'POLD1', 'RFC2', 'RFC3', 'POLD3', 'RPA1', 'RFC5', 'LIG1', 'RFC1']
KEGG_STEROID_HORMONE_BIOSYNTHESIS	1	0.00768849041697924	-2.175650776394773	1.0	40.9	['HSD11B1', 'UGT1A3', 'UGT1A10', 'UGT2B28', 'CYP11A1', 'UGT2B15', 'SRD5A1', 'UGT1A8', 'UGT2B17', 'CYP21A2', 'CYP1B1', 'UGT1A9', 'AKR1C2', 'AKR1C1', 'HSD17B12', 'AKR1C3', 'UGT2B7', 'UGT1A5', 'HSD17B2', 'SRD5A3', 'UGT2B11', 'STS', 'UGT1A4']
KEGG_CITRATE_CYCLE_TCA_CYCLE	1	0.005503150081988434	-2.2495232699030563	1.0	47.11	['SDHD', 'SDHA', 'ACO2', 'SDHC', 'PC', 'SUCLG1', 'MDH2', 'SUCLG2', 'ACLY', 'IDH2', 'PCK2', 'PDHB', 'DLST', 'DLD', 'PDHA1', 'DLAT', 'OGDH', 'IDH3B', 'IDH3A', 'PCK1', 'FH', 'SDHB', 'IDH1', 'SUCLG2P2']
KEGG_NATURAL_KILLER_CELL_MEDIATED_CYTOTOXICITY	1	0.005095509335174477	-2.2635719881048098	1.0	67.66	['FAS', 'SOS2', 'RAF1', 'PRF1', 'IFNGR2', 'IFNGR1', 'HLA-C', 'RAC1', 'CD247', 'SH2D1A', 'HLA-E', 'ICAM2', 'FCER1G', 'HCST', 'GZMB', 'KLRC1', 'PLCG1', 'SHC1', 'IFNG', 'SOS1', 'PRKCB', 'PLCG2', 'ITGB2', 'PIK3R5', 'ZAP70', 'ICAM1', 'NFATC2', 'FCGR3A', 'FYN', 'TNFRSF10C', 'FASLG', 'CASP3', 'HRAS', 'LCP2', 'CHP1', 'ITGAL', 'HLA-G', 'MAP2K2', 'VAV1', 'PIK3R3', 'LCK', 'RAC2', 'ULBP2', 'MAP2K1', 'LAT', 'MAPK3', 'RAC3', 'ARAF', 'ULBP3', 'KLRK1', 'SHC4', 'SHC2', 'PIK3CA', 'KLRC2', 'HLA-B', 'PPP3CC', 'PTPN11', 'MICB', 'PIK3CD', 'PPP3CA', 'NCR3', 'MICA', 'TNF', 'CD48', 'RAET1E', 'PPP3R1', 'SHC3', 'HLA-A', 'RAET1G', 'FCGR3B', 'NFATC4', 'IFNAR2', 'NFATC1', 'SYK', 'TNFRSF10D', 'IFNAR1', 'KLRC3', 'ULBP1', 'BID', 'RAET1L', 'SH3BP2', 'TNFSF10', 'TNFRSF10B', 'PRKCA', 'TYROBP', 'CD244', 'PPP3CB', 'GRB2', 'PIK3CB', 'PIK3CG']
KEGG_CELL_CYCLE	1	0.0043326116779559285	2.31741890184523	1.0	73.34	['ANAPC4', 'CDKN2C', 'TGFB3', 'BUB1B', 'E2F5', 'PTTG1', 'ATM', 'E2F2', 'SKP2', 'MDM2', 'MCM2', 'TFDP1', 'MAD2L2', 'STAG1', 'TTK', 'PLK1', 'SFN', 'MAD2L1', 'CDC23', 'CHEK2', 'ANAPC7', 'TGFB2', 'MYC', 'CDK4', 'CDC14B', 'CREBBP', 'ABL1', 'YWHAB', 'HDAC1', 'MCM3', 'E2F3', 'CCNB3', 'BUB1', 'E2F1', 'CDK7', 'SMAD4', 'CUL1', 'CHEK1', 'CCNB2', 'CDC6', 'CCNB1', 'RBL2', 'SMC1A', 'CCNA2', 'MAD1L1', 'ANAPC5', 'TP53', 'ZBTB17', 'ORC2', 'TFDP2', 'E2F4', 'BUB3', 'CDKN1B', 'PCNA', 'ANAPC2', 'CDK6', 'CCND1', 'WEE1', 'SMC3', 'CDC25A', 'YWHAZ', 'ANAPC10', 'YWHAG', 'YWHAE', 'ORC5', 'RB1', 'CDC20', 'CDK2', 'PRKDC', 'CDKN2B', 'SMC1B', 'CDC25B', 'CDC26', 'ATR', 'STAG2', 'CDKN1C', 'HDAC2', 'CDC16', 'CDC45', 'ORC3', 'PKMYT1', 'ORC4', 'SMAD3', 'ESPL1', 'GSK3B', 'EP300', 'CDC27', 'DBF4', 'YWHAQ', 'MCM4', 'CDC7', 'SKP1', 'CDC25C', 'MCM7', 'CCND3', 'ANAPC13', 'MCM5', 'SMAD2', 'YWHAH', 'ORC6', 'MCM6', 'ANAPC11', 'CCNA1', 'ANAPC1', 'RBL1', 'CCNE2', 'FZR1', 'TGFB1', 'CDC14A', 'ORC1', 'RAD21']
KEGG_CHEMOKINE_SIGNALING_PATHWAY	1	0.0018405184220697108	-2.408943631095674	1.0	41.8	['ADCY1', 'NFKBIA', 'GNGT1', 'HCK', 'CCR8', 'DOCK2', 'ARRB1', 'CXCL1', 'CCL2', 'CCL26', 'CXCL10', 'XCL2', 'GNG4', 'AKT2', 'CCL13', 'CXCR3', 'STAT5B', 'CCR10', 'CCR5', 'XCL1', 'CCL24', 'RASGRP2', 'ADCY6', 'CCR2', 'CXCL5', 'SOS1', 'PRKCB', 'CXCL12', 'CCL21', 'PIK3R5', 'CCL3L3', 'CXCL14', 'WAS', 'CCR6', 'ADCY2', 'CCR7', 'CXCL13', 'VAV1', 'PIK3R3', 'GNG13', 'ADCY5', 'PRKACA', 'GNG8', 'CCL23', 'CCL11', 'MAP2K1', 'FGR', 'MAPK3', 'RHOA', 'CCL17', 'CCL22', 'ITK', 'CCL4L2', 'PLCB2', 'XCR1', 'GRK3', 'STAT1', 'CCL18', 'CXCL8', 'AKT3', 'GNG12', 'GNGT2', 'ADCY3', 'CCL3', 'CCL8', 'PRKCD', 'CCR1', 'GNG11', 'GRK5', 'SHC3', 'CXCR1', 'RAP1B', 'CXCL11', 'ARRB2', 'CXCR5', 'CCR4', 'CRK', 'CCL20', 'CCL7', 'CCL4', 'ADCY7', 'GNAI2', 'NCF1', 'CXCL9', 'JAK2', 'CCL14', 'ADCY9', 'RAP1A', 'GRK4', 'ADCY4', 'GNG2', 'CCL19', 'GNG5', 'CXCL3', 'ELMO1', 'GNG10', 'CXCL2', 'PIK3CG']
KEGG_CALCIUM_SIGNALING_PATHWAY	1	0.001603481958621339	-2.4398418244854088	1.0	49.85	['ADCY1', 'SLC8A1', 'CACNA1H', 'PPID', 'HTR2B', 'PHKG1', 'TNNC1', 'GRIN2D', 'PHKB', 'PLCE1', 'SLC25A4', 'EDNRB', 'VDAC3', 'PTAFR', 'GNA14', 'P2RX5', 'CYSLTR2', 'HRH2', 'ITPKA', 'P2RX2', 'ATP2A1', 'TACR1', 'AVPR1A', 'RYR1', 'PRKCB', 'PLCG2', 'AGTR1', 'ADRA1B', 'BST1', 'ITPKB', 'PTGFR', 'CAMK4', 'NOS3', 'CALM2', 'ADRB1', 'TACR2', 'ADCY2', 'CHP1', 'PRKACA', 'PLCD4', 'PRKACB', 'PDGFRB', 'PLCB2', 'ATP2A2', 'GNAS', 'SLC25A5', 'CAMK2G', 'CALM1', 'PHKA2', 'PDE1A', 'PLCD1', 'VDAC1', 'TNNC2', 'PPP3CC', 'PLN', 'ADCY3', 'TBXA2R', 'VDAC2', 'PPP3R1', 'CAMK2D', 'EDNRA', 'PHKA1', 'CD38', 'GNAL', 'CAMK2B', 'HRH1', 'HTR7', 'PDGFRA', 'ADORA2A', 'ADCY7', 'F2R', 'CHRM3', 'ADRB2', 'PTGER3', 'ADCY9', 'CYSLTR1', 'ATP2B4', 'PLCD3', 'PRKCA', 'ADCY4', 'CALML6', 'EGFR', 'P2RX1', 'BDKRB1', 'BDKRB2', 'CACNA1I', 'PPP3CB']
KEGG_BASE_EXCISION_REPAIR	1	0.0012968361485038154	2.4986058013940076	1.0	36.81	['TDG', 'XRCC1', 'POLD3', 'APEX1', 'NTHL1', 'HMGB1', 'POLE2', 'POLE3', 'PARP4', 'POLD1', 'MUTYH', 'LIG3', 'POLE', 'NEIL1', 'POLL', 'MPG', 'APEX2', 'MBD4', 'LIG1', 'PARP1', 'POLB', 'FEN1', 'PCNA', 'SMUG1', 'PARP2']
KEGG_VIRAL_MYOCARDITIS	1	0.0006159406888672444	-2.549309488641555	1.0	57.76	['MYH10', 'CYCS', 'MYH3', 'HLA-DRB1', 'HLA-DOA', 'CD86', 'ITGB2', 'HLA-DQA1', 'HLA-DQB1', 'PRF1', 'EIF4G3', 'CD40', 'CD55', 'ICAM1', 'FYN', 'HLA-DPA1', 'SGCD', 'HLA-DMB', 'ACTB', 'BID', 'MYH14', 'LAMA2', 'HLA-DRA', 'HLA-B', 'SGCA', 'HLA-C', 'RAC1', 'CASP3', 'HLA-F', 'MYH11', 'ABL2', 'CAV1', 'CD28', 'HLA-E', 'ITGAL', 'HLA-DMA', 'HLA-G', 'HLA-DRB5', 'EIF4G1', 'CD80', 'EIF4G2', 'HLA-DQA2', 'DMD', 'HLA-A', 'HLA-DPB1', 'CCND1', 'RAC2', 'SGCB', 'CD40LG', 'ABL1', 'RAC3']
KEGG_OXIDATIVE_PHOSPHORYLATION	1	0.0005879433848278243	-2.7122467031112802	1.0	71.29	['SDHD', 'NDUFS3', 'NDUFAB1', 'SDHC', 'COX7A2', 'NDUFA8', 'COX6B2', 'COX4I1', 'NDUFA3', 'MT-ND4L', 'NDUFA4', 'NDUFB7', 'NDUFB6', 'NDUFA6', 'PPA1', 'MT-ND5', 'NDUFB3', 'UQCRHL', 'ATP6V0A1', 'MT-CO3', 'ATP6V1H', 'UQCRH', 'ATP6V1B2', 'SDHA', 'UQCRC2', 'NDUFB10', 'COX5B', 'NDUFS2', 'NDUFC2', 'UQCR11', 'COX8A', 'NDUFB5', 'NDUFA4L2', 'COX6A2', 'NDUFB4', 'COX5A', 'ATP6V1D', 'NDUFV1', 'NDUFS8', 'ATP6V0E1', 'NDUFA5', 'UQCR10', 'MT-ATP6', 'UQCRB', 'NDUFS7', 'ATP6V1G2', 'ATP6V1C1', 'ATP6V1E2', 'SDHB', 'ATP6V0A2', 'ATP6V1E1', 'NDUFB1', 'COX7A1', 'ATP6V0B', 'MT-ND2', 'NDUFB2', 'MT-ATP8', 'NDUFV2', 'UQCRFS1', 'NDUFA2', 'ATP6V1F', 'NDUFA9', 'COX6A1', 'UQCRC1', 'MT-CO1', 'UQCRQ', 'NDUFS1', 'TCIRG1', 'COX7C', 'NDUFS4', 'COX7B', 'NDUFS6', 'NDUFS5', 'NDUFA1', 'ATP6V0C', 'COX10', 'NDUFC1', 'MT-CO2', 'COX17', 'ATP6V0A4', 'MT-ND3', 'NDUFV3', 'NDUFA7', 'NDUFA10', 'CYC1', 'ATP6V0D2', 'COX4I2', 'COX7A2L', 'COX6C', 'MT-ND4', 'NDUFA11', 'COX6B1', 'MT-ND1', 'MT-ND6', 'LHPP', 'MT-CYB', 'NDUFB9', 'ATP6V0E2', 'ATP6V0D1', 'ATP6V1C2', 'NDUFB8']
KEGG_LEISHMANIA_INFECTION	1	0.0005879433848278243	-2.603849645952962	1.0	25.48	['PRKCB', 'HLA-DRB1', 'NFKBIA', 'HLA-DQA1', 'HLA-DQB1', 'MAPK11', 'TLR4', 'IFNGR2', 'NCF1', 'FCGR3A', 'MAPK3', 'HLA-DPA1', 'HLA-DMB', 'IFNGR1', 'ITGAM', 'HLA-DRA', 'C3', 'FOS', 'TNF', 'PTGS2', 'HLA-DMA', 'NCF4', 'HLA-DRB5', 'JUN', 'MAPK12', 'HLA-DQA2', 'IL1B', 'NCF2', 'FCGR3B', 'ITGB1', 'IL10', 'FCGR2A', 'FCGR2C', 'IFNG', 'CR1']
KEGG_RETINOL_METABOLISM	1	0.0005569989961526756	-2.583211506196892	1.0	55.47	['DHRS9', 'CYP2C8', 'UGT1A3', 'UGT1A10', 'ALDH1A2', 'DGAT2', 'UGT2B28', 'ADH1B', 'ADH1A', 'RDH10', 'UGT2B15', 'ALDH1A1', 'RDH5', 'PNPLA4', 'UGT1A8', 'ADH1C', 'DHRS3', 'RDH16', 'DGAT1', 'UGT2B17', 'UGT1A9', 'CYP2A7', 'CYP26A1', 'DHRS4L2', 'UGT2B7', 'UGT1A5', 'CYP2A6', 'CYP2B6', 'ADH5', 'UGT2B11', 'CYP26B1', 'UGT1A4', 'RETSAT']
KEGG_INTESTINAL_IMMUNE_NETWORK_FOR_IGA_PRODUCTION	1	0.0005533584798379522	-2.639129613195302	1.0	19.85	['CXCL12', 'CD86', 'HLA-DQA1', 'HLA-DQB1', 'IL15', 'CD40', 'ICOS', 'HLA-DPA1', 'HLA-DMB', 'IL15RA', 'HLA-DRA', 'CD28', 'HLA-DMA', 'HLA-DRB5', 'CD80', 'CCR10', 'HLA-DQA2', 'IL6', 'CD40LG', 'TNFSF13B', 'IL10']
KEGG_CELL_ADHESION_MOLECULES_CAMS	1	0.0005487471591726359	-2.6799908652783206	1.0	28.82	['CD4', 'CNTNAP1', 'MAG', 'NRCAM', 'HLA-DRB1', 'SELL', 'PDCD1LG2', 'CD34', 'CD86', 'ITGB2', 'HLA-DQA1', 'CTLA4', 'CLDN10', 'HLA-DQB1', 'CD274', 'CD40', 'SELPLG', 'CLDN22', 'CDH2', 'ICAM1', 'VCAM1', 'SELE', 'L1CAM', 'ICOS', 'HLA-DPA1', 'HLA-DMB', 'ITGAM', 'HLA-DRA', 'SDC2', 'CNTNAP2', 'HLA-B', 'CLDN5', 'CD22', 'VCAN', 'JAM2', 'CLDN14', 'CD28', 'HLA-E', 'ICAM2', 'HLA-DMA', 'CD58', 'PECAM1', 'HLA-G', 'SELP', 'ITGA8', 'HLA-DRB5', 'CD80', 'CADM3', 'NCAM1', 'HLA-DQA2', 'PDCD1', 'CLDN23', 'SIGLEC1', 'ITGB1', 'CD99', 'CD40LG', 'CLDN9', 'PTPRC', 'ICAM3']
KEGG_ASCORBATE_AND_ALDARATE_METABOLISM	1	0.0005291490463450419	-2.567221837579616	1.0	29.83	['UGT2B15', 'UGT2B7', 'UGT1A5', 'UGT2B17', 'UGT1A3', 'UGT1A9', 'UGT1A10', 'UGT1A8', 'UGT2B11', 'ALDH1B1', 'UGT2B28', 'ALDH9A1', 'UGT1A4', 'ALDH3A2']
KEGG_PORPHYRIN_AND_CHLOROPHYLL_METABOLISM	1	0.0005144504617243462	-2.6609343102442575	1.0	32.3	['UGT1A3', 'UGT1A10', 'ALAD', 'UGT2B28', 'ALAS1', 'UGT2B15', 'CP', 'UROD', 'UGT1A8', 'BLVRB', 'UGT2B17', 'UGT1A9', 'BLVRA', 'UGT2B7', 'UGT1A5', 'FTH1', 'COX10', 'HMOX1', 'HCCS', 'UGT2B11', 'UROS', 'UGT1A4']
KEGG_AMINOACYL_TRNA_BIOSYNTHESIS	1	0.00027508645574323364	2.613628541060055	1.0	38.58	['AARS2', 'DARS2', 'NARS2', 'EARS2', 'FARS2', 'SEPSECS', 'MARS2', 'PARS2', 'WARS2', 'MTFMT', 'FARSB', 'SARS2', 'LARS2', 'HARS2', 'VARS2', 'YARS2', 'FARSA', 'TARS2', 'PSTK']
KEGG_METABOLISM_OF_XENOBIOTICS_BY_CYTOCHROME_P450	1	0.00018090565687009977	-2.8026175271497205	1.0	55.47	['GSTA3', 'CYP2C8', 'UGT1A3', 'GSTP1', 'GSTM2', 'CYP2S1', 'UGT1A10', 'CYP2E1', 'GSTM5', 'GSTM4', 'UGT2B28', 'GSTA4', 'GSTA1', 'ADH1B', 'ADH1A', 'UGT2B15', 'EPHX1', 'ALDH3A1', 'UGT1A8', 'ADH1C', 'ALDH1A3', 'UGT2B17', 'CYP1B1', 'UGT1A9', 'AKR1C2', 'AKR1C1', 'AKR1C3', 'ALDH3B1', 'GSTO1', 'MGST2', 'GSTM1', 'UGT2B7', 'UGT1A5', 'GSTM3', 'CYP2B6', 'ADH5', 'GSTA2', 'GSTT2', 'UGT2B11', 'MGST1', 'DHDH', 'UGT1A4']
KEGG_COMPLEMENT_AND_COAGULATION_CASCADES	1	0.0001068987972414226	-2.9505545120604912	1.0	39.55	['F3', 'F5', 'C5', 'FGB', 'SERPING1', 'FGG', 'C1QB', 'PLAU', 'CD55', 'CFD', 'C7', 'CR2', 'C1QA', 'F8', 'VWF', 'A2M', 'C3', 'C2', 'C8G', 'PROC', 'F7', 'PLAUR', 'PROS1', 'F10', 'TFPI', 'F13A1', 'THBD', 'C4BPB', 'C1S', 'C9', 'C1QC', 'CFI', 'C1R', 'CFH', 'BDKRB1', 'BDKRB2', 'C5AR1', 'C3AR1', 'SERPINE1', 'CR1']
KEGG_HEMATOPOIETIC_CELL_LINEAGE	1	9.799056413797071e-05	-2.913367703793764	1.0	30.03	['CD4', 'CD3G', 'CD38', 'ITGB3', 'HLA-DRB1', 'CD34', 'THPO', 'CD19', 'CD55', 'CSF1R', 'CR2', 'CD1B', 'IL1R2', 'ITGAM', 'CD33', 'IL1R1', 'HLA-DRA', 'MS4A1', 'CSF2RA', 'CD22', 'CSF1', 'TNF', 'CD1D', 'CD1C', 'ITGA1', 'FCER2', 'ITGA5', 'CD5', 'HLA-DRB5', 'CD14', 'TFRC', 'IL11', 'IL6', 'IL1B', 'IL2RA', 'CD1E', 'TPO', 'CD1A', 'EPO', 'MME', 'IL3RA', 'IL6R', 'CR1']
KEGG_SPLICEOSOME	1	0.0	6.2255806276711745	1.0	38.95	['XAB2', 'PPIH', 'AQR', 'DDX46', 'HNRNPC', 'SRSF6', 'CTNNBL1', 'SRSF2', 'SNU13', 'SNRPE', 'U2AF1', 'CDC5L', 'U2SURP', 'HNRNPA3', 'EIF4A3', 'SRSF3', 'WBP11', 'PQBP1', 'HNRNPK', 'TRA2B', 'THOC3', 'PUF60', 'LSM8', 'DHX16', 'SNRPD3', 'LSM7', 'SNRNP40', 'PRPF18', 'PLRG1', 'PRPF19', 'PRPF6', 'SNRNP70', 'SRSF1', 'SF3B2', 'PRPF4', 'SLU7', 'RBM25', 'TRA2A', 'SNRPC', 'DDX39B', 'HNRNPA1L2', 'BUD31', 'SNRPB', 'PRPF8', 'SF3A3', 'SRSF7', 'NCBP2', 'ISY1', 'PRPF40A', 'PRPF31', 'THOC2', 'LSM2', 'DHX8', 'DDX42', 'DHX15', 'SF3A1', 'DDX5', 'HNRNPA1', 'ALYREF', 'CCDC12', 'PHF5A', 'MAGOH', 'SF3B6', 'U2AF2', 'SF3B4', 'SNRPA1', 'NCBP1', 'SRSF9', 'ACIN1', 'PPIE', 'PRPF38B', 'EFTUD2', 'DHX38', 'DDX23', 'SF3B5', 'CHERP', 'MAGOHB', 'RBMX', 'SF3A2', 'TCERG1', 'SMNDC1', 'SNW1', 'RBM22', 'SNRPD2', 'RBM8A', 'PRPF40B', 'SRSF10', 'SNRPD1', 'SART1', 'PRPF38A', 'CDC40', 'SF3B3', 'HNRNPM', 'THOC1', 'SNRPF', 'RBM17', 'CRNKL1', 'PPIL1', 'HNRNPU', 'PRPF3', 'USP39', 'SNRPA', 'LSM4', 'SNRNP200', 'SRSF5', 'SF3B1', 'SRSF8']
KEGG_CYTOKINE_CYTOKINE_RECEPTOR_INTERACTION	1	0.0	-5.0313099451453045	1.0	27.66	['TNFSF9', 'VEGFC', 'CCR8', 'IL10RA', 'TNFRSF4', 'CCL2', 'IFNGR2', 'CCL26', 'CXCL10', 'XCL2', 'IL20', 'IFNGR1', 'IL15RA', 'IL1R1', 'HGF', 'CSF2RA', 'CCL13', 'VEGFD', 'CXCR3', 'BMP2', 'AMH', 'CCR10', 'IL18', 'MET', 'IL2RA', 'LEPR', 'CCL24', 'PDGFB', 'IFNG', 'IL6R', 'TNFRSF1A', 'CCR2', 'INHBA', 'CXCL12', 'CCL21', 'CCL3L3', 'FLT1', 'CXCL14', 'IL1R2', 'TNFRSF10C', 'IL10RB', 'FASLG', 'TSLP', 'GDF5', 'CSF1', 'ACVRL1', 'TNFSF18', 'CCR7', 'CXCL13', 'TNFRSF11B', 'CSF2RB', 'IL20RB', 'CCL23', 'CCL11', 'TNFSF13B', 'CCL17', 'IL3RA', 'PDGFRB', 'CCL4L2', 'TNFRSF8', 'IL18RAP', 'XCR1', 'TNFSF11', 'TNFSF14', 'CCL18', 'CXCL8', 'OSM', 'TNFRSF1B', 'LTA', 'VEGFA', 'PLEKHO2', 'CD70', 'CCL3', 'CCL8', 'CNTF', 'IL12RB1', 'IL21R', 'IL18R1', 'TNFSF4', 'TNF', 'CCR1', 'EPO', 'TNFRSF25', 'CXCR1', 'CTF1', 'CD40LG', 'CXCL11', 'IL10', 'TPO', 'IFNAR2', 'TNFRSF9', 'CCR4', 'TNFRSF10D', 'CCL20', 'PDGFRA', 'IL15', 'TNFRSF21', 'CD40', 'CCL7', 'CCL4', 'CSF1R', 'TGFBR2', 'CXCL9', 'FLT4', 'CCL14', 'IL2RG', 'EDA', 'RELT', 'CCL19', 'TNFSF12', 'TNFSF8', 'BMPR1B', 'IL12RB2', 'IL6', 'IL1B', 'KDR', 'CXCL2']
KEGG_NEUROACTIVE_LIGAND_RECEPTOR_INTERACTION	1	0.0	-3.8486154203179104	1.0	40.43	['F2RL3', 'NPFFR2', 'GLRA3', 'HTR2B', 'CHRNA1', 'HTR1D', 'THRA', 'S1PR1', 'P2RY10', 'PTGDR', 'GRIN2D', 'ADORA3', 'ADRA2C', 'EDNRB', 'GRIK1', 'NPY5R', 'PTAFR', 'SSTR1', 'KISS1R', 'ADRA2B', 'P2RX5', 'CHRNA10', 'DRD4', 'GABRE', 'CYSLTR2', 'PTH2R', 'CTSG', 'HRH2', 'PTH1R', 'LEPR', 'P2RX2', 'ADORA1', 'TACR1', 'AVPR1A', 'CHRNA6', 'ADRA1B', 'OPRD1', 'P2RY14', 'GRIA2', 'ADRA2A', 'PTGFR', 'NPY1R', 'FPR1', 'TACR2', 'GRIK4', 'AVPR2', 'GZMA', 'NPY2R', 'PTGER2', 'FPR3', 'CGA', 'P2RY6', 'PTGER4', 'S1PR5', 'LEP', 'PTGIR', 'P2RY8', 'S1PR4', 'TBXA2R', 'P2RY13', 'GRM4', 'EDNRA', 'LPAR1', 'APLNR', 'C5AR1', 'C3AR1', 'GLRB', 'GABBR2', 'HRH1', 'HTR7', 'TSPO', 'ADCYAP1R1', 'CHRM3', 'ADRB2', 'PTGER3', 'CHRNB1', 'GIPR', 'NMUR1', 'CYSLTR1', 'MCHR1', 'NR3C1', 'GRIA3', 'P2RY1', 'GABRB3', 'GABRD', 'CNR1', 'PRSS2', 'S1PR3', 'P2RX1', 'BDKRB2', 'GRID1', 'BDKRB1', 'SSTR2', 'VIPR2']
KEGG_RNA_DEGRADATION	1	0.0	3.7464382734832484	1.0	36.95	['CNOT2', 'LSM7', 'ZCCHC7', 'TTC37', 'XRN2', 'WDR61', 'PAPOLA', 'EXOSC1', 'CNOT8', 'LSM2', 'CNOT3', 'PATL1', 'PARN', 'CNOT9', 'SKIV2L', 'CNOT6L', 'MPHOSPH6', 'EXOSC4', 'DDX6', 'CNOT7', 'CNOT1', 'CNOT4', 'EXOSC3', 'DCP1B', 'EXOSC2', 'DCP1A', 'ENO1', 'PNPT1', 'EXOSC10', 'PAPOLG', 'DCPS', 'ENO2', 'CNOT6', 'XRN1', 'LSM4', 'EDC4', 'DIS3', 'EXOSC5', 'EXOSC9', 'EXOSC8', 'EDC3', 'LSM8', 'CNOT10', 'DCP2']
KEGG_SYSTEMIC_LUPUS_ERYTHEMATOSUS	1	0.0	-3.6855670746334805	1.0	26.7	['ACTN2', 'HLA-DRB1', 'SSB', 'CD86', 'HLA-DQA1', 'C1QB', 'HLA-DQB1', 'CD40', 'FCGR2B', 'C7', 'C1QA', 'FCGR3A', 'HLA-DPA1', 'HLA-DMB', 'HLA-DRA', 'C3', 'C2', 'C8G', 'CD28', 'TNF', 'HLA-DMA', 'HLA-DRB5', 'CD80', 'HLA-DQA2', 'C1S', 'CTSG', 'C9', 'C1QC', 'FCGR3B', 'C1R', 'CD40LG', 'IL10', 'FCGR2A', 'FCGR2C', 'IFNG']
KEGG_RIBOSOME	1	0.0	3.537895108162661	1.0	52.58	['RPS18', 'RPL22L1', 'RPS11', 'RPL7', 'RPL30', 'RPL15', 'RPS8', 'RPL19', 'RPL7A', 'RPS15', 'RPS3A', 'RPL10', 'RPL38', 'RPS21', 'RPL32', 'RPL31', 'RPS17', 'RPS4X', 'RPS7', 'RPL35A', 'RPL37A', 'RPL8', 'RPL6', 'RPL26', 'RPL36', 'RPL11', 'RPS29', 'RPL23', 'RPL18', 'RPL12', 'RPS19', 'RPL24', 'RPL14', 'RSL24D1', 'RPL35', 'FAU', 'RPLP0', 'RPL28', 'RPS3', 'RPL26L1', 'RPSA', 'RPL27A', 'RPS16', 'RPS5', 'RPS15A', 'RPL36A', 'RPL17', 'RPL37', 'RPS27', 'RPL27', 'RPL13', 'RPS27A', 'RPL5', 'RPL4', 'RPLP1', 'RPL34', 'RPS12', 'RPS10', 'RPL29', 'RPS23', 'RPL10A', 'RPL41', 'RPL18A', 'RPL3', 'RPS9', 'RPS2', 'RPL23A', 'RPS25', 'RPS6', 'RPS24', 'RPL22', 'RPL13A']
KEGG_UBIQUITIN_MEDIATED_PROTEOLYSIS	1	0.0	3.4829640336260095	1.0	50.68	['KLHL13', 'RNF7', 'ANAPC4', 'CBLB', 'UBE2O', 'UBE2M', 'HERC3', 'CBL', 'RHOBTB2', 'MDM2', 'BIRC2', 'MGRN1', 'HERC1', 'PIAS1', 'NHLRC1', 'CDC23', 'ANAPC7', 'MID1', 'UBE2K', 'FBXO4', 'BIRC6', 'PIAS3', 'HERC2', 'SYVN1', 'CUL2', 'UBE2N', 'SMURF2', 'CUL1', 'PRPF19', 'UBE2Z', 'UBA6', 'FBXW8', 'BTRC', 'VHL', 'CBLC', 'HUWE1', 'FANCL', 'CUL4B', 'SIAH1', 'UBE3B', 'PIAS2', 'CUL3', 'UBA1', 'CUL4A', 'ANAPC5', 'UBE4B', 'ANAPC2', 'UBR5', 'CUL7', 'UBE2W', 'TRIP12', 'ANAPC10', 'TRIM37', 'UBOX5', 'WWP2', 'BRCA1', 'NEDD4L', 'UBE2S', 'CDC34', 'UBE2Q2', 'FBXO2', 'KLHL9', 'STUB1', 'UBE2L6', 'CDC16', 'DDB2', 'UBE2J1', 'PIAS4', 'FBXW11', 'CDC27', 'UBE4A', 'ERCC8', 'UBE2I', 'MAP3K1', 'SKP1', 'UBE2J2', 'BIRC3', 'SAE1', 'CUL5', 'KEAP1', 'ITCH', 'UBA7', 'UBE2Q1', 'TRAF6', 'UBE2E1', 'DET1', 'PPIL2', 'UBE2D2', 'DDB1', 'NEDD4', 'UBE3A', 'RCHY1', 'ANAPC1', 'UBA3', 'XIAP', 'FBXW7', 'FZR1', 'UBE2D3', 'TRIM32', 'HERC4']
KEGG_AUTOIMMUNE_THYROID_DISEASE	1	0.0	-3.412762253876275	1.0	19.85	['CGA', 'CD86', 'HLA-DQA1', 'CTLA4', 'HLA-DQB1', 'PRF1', 'CD40', 'HLA-DPA1', 'HLA-DMB', 'HLA-DRA', 'FASLG', 'CD28', 'HLA-E', 'HLA-DMA', 'HLA-G', 'HLA-DRB5', 'CD80', 'HLA-DQA2', 'GZMB', 'CD40LG', 'IL10', 'TPO']
KEGG_PARKINSONS_DISEASE	1	0.0	-3.3109170594324815	1.0	57.3	['SDHD', 'NDUFS3', 'NDUFAB1', 'SDHC', 'PPID', 'COX7A2', 'SLC25A6', 'NDUFA8', 'COX4I1', 'COX6B2', 'HTRA2', 'NDUFA3', 'MT-ND4L', 'SLC25A4', 'UCHL1', 'NDUFA4', 'NDUFB7', 'VDAC3', 'GPR37', 'NDUFB6', 'NDUFA6', 'MT-ND5', 'NDUFB3', 'UQCRHL', 'UQCRH', 'SDHA', 'UQCRC2', 'COX5B', 'NDUFB10', 'NDUFS2', 'NDUFC2', 'UQCR11', 'COX8A', 'NDUFB5', 'NDUFA4L2', 'COX6A2', 'NDUFB4', 'COX5A', 'NDUFV1', 'NDUFS8', 'CASP3', 'NDUFA5', 'UQCR10', 'UQCRB', 'NDUFS7', 'SDHB', 'NDUFB1', 'NDUFB2', 'NDUFV2', 'UQCRFS1', 'NDUFA2', 'SNCA', 'SLC25A5', 'NDUFA9', 'COX6A1', 'UQCRC1', 'PINK1', 'VDAC1', 'UQCRQ', 'NDUFS1', 'COX7C', 'NDUFS4', 'COX7B', 'VDAC2', 'NDUFS6', 'UBB', 'PARK7', 'NDUFS5', 'LRRK2', 'NDUFA1', 'UBE2L6', 'SNCAIP', 'NDUFC1', 'MT-CO2', 'NDUFV3', 'CYCS', 'UBE2G2', 'NDUFA7', 'NDUFA10', 'CYC1', 'COX4I2', 'COX7A2L', 'COX6C', 'COX6B1', 'SLC18A2', 'MT-ND6', 'UBE2G1', 'NDUFB9', 'NDUFB8', 'UBE2L3']
KEGG_GRAFT_VERSUS_HOST_DISEASE	1	0.0	-3.1707991513100686	1.0	18.92	['CD86', 'HLA-DQA1', 'HLA-DQB1', 'PRF1', 'HLA-DPA1', 'HLA-DMB', 'HLA-DRA', 'FASLG', 'CD28', 'TNF', 'HLA-E', 'HLA-DMA', 'HLA-G', 'HLA-DRB5', 'CD80', 'HLA-DQA2', 'GZMB', 'IL6', 'IL1B', 'IFNG']
KEGG_ALLOGRAFT_REJECTION	1	0.0	-3.1593125182126505	1.0	19.85	['CD86', 'HLA-DQA1', 'HLA-DQB1', 'PRF1', 'CD40', 'HLA-DPA1', 'HLA-DMB', 'HLA-DRA', 'FASLG', 'CD28', 'TNF', 'HLA-E', 'HLA-DMA', 'HLA-G', 'HLA-DRB5', 'CD80', 'HLA-DQA2', 'GZMB', 'CD40LG', 'IL10', 'IFNG']
KEGG_TYPE_I_DIABETES_MELLITUS	1	0.0	-3.104914750001788	1.0	18.92	['PTPRN2', 'CD86', 'HLA-DQA1', 'HLA-DQB1', 'PRF1', 'LTA', 'HLA-DPA1', 'HLA-DMB', 'HLA-DRA', 'FASLG', 'CD28', 'TNF', 'HLA-E', 'HLA-DMA', 'HLA-G', 'HLA-DRB5', 'CD80', 'HLA-DQA2', 'GZMB', 'PTPRN', 'IL1B', 'IFNG']
KEGG_ASTHMA	1	0.0	-3.0967387528064805	1.0	24.28	['HLA-DQA2', 'FCER1A', 'HLA-DRB1', 'HLA-DPA1', 'TNF', 'CD40LG', 'HLA-DMB', 'HLA-DMA', 'CCL11', 'IL10', 'HLA-DQA1', 'HLA-DQB1', 'FCER1G', 'HLA-DRB5', 'HLA-DRA', 'MS4A2', 'CD40']
KEGG_DRUG_METABOLISM_CYTOCHROME_P450	1	0.0	-3.0718139926442585	1.0	34.22	['GSTA3', 'UGT1A3', 'FMO2', 'GSTM2', 'FMO3', 'UGT1A10', 'CYP2E1', 'GSTM5', 'GSTM4', 'UGT2B28', 'GSTA4', 'MAOB', 'UGT2B15', 'ALDH3A1', 'FMO1', 'UGT1A8', 'CYP2D6', 'UGT2B17', 'UGT1A9', 'CYP2A7', 'ALDH3B1', 'GSTO1', 'MGST2', 'GSTM1', 'UGT2B7', 'UGT1A5', 'CYP2A6', 'GSTM3', 'CYP2B6', 'ADH5', 'GSTA2', 'GSTT2', 'UGT2B11', 'MGST1', 'UGT1A4', 'AOX1']
KEGG_DNA_REPLICATION	1	0.0	2.904567494577611	1.0	29.72	['MCM4', 'RFC3', 'POLD3', 'RFC5', 'PRIM2', 'POLE2', 'POLE3', 'POLA2', 'MCM7', 'RFC4', 'POLD1', 'MCM2', 'RNASEH2A', 'POLE', 'POLA1', 'RNASEH2C', 'RFC2', 'LIG1', 'RFC1', 'FEN1', 'PRIM1', 'PCNA', 'RPA1', 'MCM5', 'MCM3']
